389 100
361 87
374 93
404 88
356 43
343 21
412 4
411 69
418 32
360 7
421 -1
393 91
369 -1
419 -1
380 2
397 60
383 60
375 -1
396 42
402 6
348 46
350 61
386 38
420 86
365 56
392 39
352 33
401 58
399 21
357 48
347 62
368 90
378 27
354 77
345 32
359 10
409 -1
431 31
398 100
362 85
344 70
424 68
425 3
410 69
364 3
372 97
414 57
346 67
349 35
371 45
341 96
385 90
423 80
403 31
415 15
379 28
376 64
382 89
358 41
388 75
406 45
417 7
387 5
408 24
363 88
428 15
394 77
351 -1
422 73
367 75
405 47
366 32
384 23
355 18
426 9
342 100
373 -1
413 13
427 34
353 26
416 58
381 84
430 45
391 9
