99 64
117 100
147 84
164 61
156 67
134 27
154 64
96 59
143 42
111 20
158 14
108 85
165 96
105 85
138 2
116 99
174 28
120 14
107 61
175 25
118 7
106 73
142 18
135 100
104 88
146 1
136 75
157 79
148 42
173 82
151 8
103 47
159 7
171 25
129 22
155 5
115 27
110 86
102 48
166 27
139 79
162 74
125 99
168 90
161 70
97 -1
145 96
124 43
127 3
170 26
133 22
137 42
113 85
98 50
109 46
131 11
119 5
153 24
169 12
114 65
152 65
163 23
141 12
150 95
167 63
126 12
132 90
95 5
140 28
121 55
144 47
130 56
100 71
149 84
128 43
112 80
160 48
176 87
122 35
