19 21
52 42
89 22
56 3
75 56
48 17
9 62
28 33
12 77
27 55
15 48
63 59
2 100
20 51
59 61
61 92
86 2
85 75
1 58
53 27
3 85
83 78
73 59
34 80
87 34
22 76
6 89
33 44
76 92
81 3
38 69
40 40
70 64
25 32
69 28
42 5
16 75
8 30
60 46
41 94
72 83
54 8
66 79
68 19
31 1
84 28
47 82
92 92
36 21
64 50
44 82
78 -1
13 51
82 28
35 -1
10 57
91 22
23 62
43 42
18 60
55 60
29 49
45 51
17 87
51 88
37 95
74 32
94 37
79 86
14 10
30 49
7 82
26 64
80 4
57 19
67 89
88 57
0 13
5 79
58 56
62 56
77 100
46 92
65 14
49 15
71 93
90 50
