169 73
164 96
98 23
134 64
174 74
100 41
114 67
108 28
128 78
120 29
137 86
175 47
168 -1
154 1
166 99
138 18
111 63
157 86
105 74
151 15
112 20
158 18
132 -1
143 96
125 7
96 52
116 61
161 75
147 14
152 53
107 64
133 25
142 -1
123 74
153 10
126 22
102 1
170 56
110 66
156 10
141 65
167 92
135 32
140 67
122 3
155 97
163 91
104 22
160 36
165 44
150 38
130 3
121 31
117 75
148 82
176 91
103 43
145 -1
171 15
136 94
172 61
173 11
149 63
97 11
127 1
129 24
131 92
162 24
101 69
144 1
159 57
115 59
139 60
99 9
124 70
109 34
