247 92
184 65
180 4
214 82
250 83
183 55
177 4
246 54
185 90
248 -1
231 74
225 98
203 27
210 5
206 -1
200 50
256 29
201 16
224 89
255 97
189 53
235 48
212 -1
251 60
192 72
218 47
241 17
198 -1
188 98
204 35
221 100
199 88
249 74
216 45
223 39
217 35
234 26
205 75
230 28
190 54
254 10
194 86
252 23
238 28
239 46
208 45
229 73
213 48
207 8
219 12
232 74
195 74
222 74
191 49
253 42
202 48
220 99
193 89
245 70
197 54
179 89
181 44
233 77
237 53
215 90
236 26
240 9
178 91
209 55
187 13
243 44
228 77
244 93
242 29
