317 29
276 19
274 78
304 43
301 83
330 25
325 59
282 7
299 82
273 71
293 63
312 35
279 80
264 78
285 59
302 1
336 67
311 21
275 -1
326 27
283 93
286 4
340 55
294 38
318 98
339 100
313 43
334 29
333 20
306 89
298 82
321 53
261 43
277 -1
332 35
266 24
303 -1
323 45
308 67
328 41
338 86
307 81
329 31
270 1
310 12
309 9
281 58
267 82
327 57
322 85
300 -1
288 36
314 79
295 30
260 23
278 -1
289 71
331 49
316 35
284 17
280 63
272 98
262 28
305 24
263 19
296 16
297 94
265 90
320 26
268 31
319 -1
324 95
269 39
271 28
291 11
290 48
