238 71
207 75
184 52
255 98
195 9
244 -1
192 32
198 34
247 30
242 25
196 25
188 69
245 28
227 62
219 51
229 81
201 24
222 36
189 61
194 -1
248 27
177 48
243 42
210 77
183 93
200 1
218 85
215 38
257 59
254 90
181 55
202 16
206 43
249 64
223 53
237 26
250 96
239 66
180 82
209 42
187 66
217 6
185 34
233 45
197 73
236 58
191 37
186 41
252 26
205 94
211 14
179 65
216 38
226 70
208 49
228 1
212 79
235 -1
220 83
240 74
224 26
178 50
213 36
256 98
232 10
199 36
190 80
253 18
193 -1
241 13
234 38
246 -1
230 61
