336 25
269 2
302 80
315 7
303 30
285 83
297 5
324 69
314 23
299 24
327 27
292 -1
333 19
298 10
281 63
335 33
284 32
305 18
293 4
317 36
268 31
326 19
275 23
258 96
323 88
325 52
294 31
279 19
278 41
291 -1
271 79
277 16
259 28
289 19
267 50
316 21
321 -1
287 39
283 62
312 72
310 4
338 69
295 6
263 56
340 19
320 16
322 89
313 33
306 84
339 11
272 36
273 57
331 1
308 3
274 37
307 99
288 10
296 97
280 51
265 82
329 43
332 32
282 75
290 60
261 -1
319 3
301 20
318 26
304 3
286 67
262 31
309 67
260 73
266 99
300 34
264 79
311 44
337 95
334 55
270 97
276 53
330 13
