234 31
188 46
252 81
184 58
215 28
227 74
213 58
207 98
257 44
204 81
238 80
203 70
205 16
192 95
256 15
208 14
240 23
206 17
177 21
251 18
221 11
193 51
212 -1
228 -1
187 28
230 69
199 29
222 79
244 57
217 -1
216 24
232 26
198 25
226 53
235 28
196 80
223 72
254 34
220 81
178 85
200 89
255 90
247 12
183 27
202 33
236 91
182 4
245 62
253 26
237 11
194 80
218 68
190 -1
201 72
225 7
209 93
214 11
179 95
186 75
197 80
243 29
210 38
185 6
231 23
250 33
249 78
181 73
239 5
219 89
224 77
242 100
195 64
246 51
248 56
180 54
211 7
229 38
