282 7
280 19
296 35
317 92
273 79
332 21
329 37
268 96
284 13
262 97
312 89
340 29
290 82
334 64
313 30
277 74
270 38
324 29
300 19
272 41
261 60
327 82
318 58
323 1
287 97
309 99
303 84
279 83
335 7
265 85
295 100
285 31
275 -1
333 -1
299 76
337 51
301 36
315 78
308 79
302 30
331 8
320 17
281 100
286 15
326 51
328 3
288 6
283 56
294 43
307 1
298 19
316 74
274 85
305 31
266 96
339 6
306 99
292 47
267 71
322 75
271 19
291 -1
330 44
278 11
260 76
311 -1
319 54
269 33
336 16
293 76
264 -1
289 81
258 9
310 9
276 93
338 30
321 22
314 24
259 11
325 81
