285 767 4
360 742 5
197 731 3
430 714 5
167 683 2
164 670 2
55 666 1
349 653 5
13 647 1
280 641 4
252 629 3
290 628 4
135 623 2
309 616 4
372 616 5
410 613 5
222 606 3
423 606 5
34 602 1
59 597 1
306 594 4
255 593 3
347 593 5
424 589 5
183 582 3
357 575 5
2 567 1
22 566 1
176 565 2
388 563 5
16 561 1
40 556 1
124 556 2
73 555 1
1 551 1
160 551 2
136 550 2
77 548 1
346 546 5
12 544 1
99 544 2
121 541 2
169 541 2
26 537 1
137 537 2
256 534 3
312 533 4
116 529 2
234 529 3
254 529 3
368 529 5
344 528 5
363 526 5
46 525 1
68 525 1
192 525 3
330 525 4
75 522 1
367 522 5
18 519 1
265 519 4
15 518 1
23 517 1
286 517 4
80 515 1
223 515 3
249 515 3
282 513 4
208 512 3
188 511 3
279 511 4
67 510 1
396 510 5
6 509 1
110 508 2
130 508 2
162 508 2
53 507 1
199 507 3
377 506 5
422 505 5
239 504 3
276 504 4
383 502 5
117 499 2
61 498 1
173 497 2
289 496 4
185 495 3
157 493 2
125 491 2
230 491 3
201 490 3
182 488 3
320 488 4
88 487 1
394 487 5
274 484 4
411 484 5
184 483 3
10 482 1
362 482 5
152 481 2
216 481 3
390 481 5
102 480 2
268 480 4
308 480 4
71 479 1
81 477 1
293 477 4
149 474 2
287 474 4
262 473 4
391 473 5
431 473 5
214 470 3
271 470 4
420 470 5
177 469 3
109 468 2
325 467 4
181 461 3
251 461 3
69 459 1
376 457 5
7 456 1
17 456 1
341 454 5
86 453 1
243 453 3
165 450 2
324 450 4
219 448 3
103 445 2
327 445 4
0 444 1
340 444 4
195 443 3
294 443 4
143 442 2
161 442 2
129 440 2
408 440 5
19 438 1
133 438 2
342 437 5
253 436 3
322 429 4
48 428 1
370 428 5
36 427 1
353 427 5
158 426 2
84 425 1
180 425 3
45 424 1
332 424 4
387 422 5
338 421 4
417 421 5
141 420 2
284 420 4
313 420 4
50 418 1
337 418 4
356 418 5
4 417 1
28 417 1
412 415 5
331 414 4
339 414 4
227 413 3
202 412 3
51 411 1
207 411 3
336 411 4
57 410 1
318 410 4
63 409 1
139 409 2
403 408 5
196 407 3
288 407 4
237 406 3
154 405 2
200 405 3
334 405 4
260 403 4
236 399 3
304 399 4
79 398 1
343 398 5
414 398 5
415 398 5
32 397 1
269 397 4
272 397 4
85 396 1
384 396 5
5 395 1
389 395 5
231 394 3
209 393 3
56 391 1
259 391 4
323 390 4
203 389 3
126 382 2
298 382 4
54 380 1
263 380 4
335 379 4
14 378 1
65 377 1
242 377 3
119 375 2
21 373 1
131 373 2
258 373 4
326 373 4
395 373 5
189 371 3
100 370 2
374 369 5
364 365 5
118 364 2
24 361 1
407 351 5
42 349 1
432 344 5
101 343 2
138 343 2
29 340 1
187 340 3
379 338 5
96 337 2
310 337 4
87 335 1
354 334 5
413 333 5
120 332 2
93 330 1
380 330 5
295 318 4
305 317 4
400 316 5
225 314 3
115 307 2
211 306 3
399 305 5
89 304 1
329 303 4
25 297 1
8 289 1
49 289 1
245 288 3
352 285 5
153 281 2
146 278 2
406 275 5
397 274 5
127 273 2
11 271 1
123 271 2
38 268 1
241 265 3
114 222 2
328 162 4
