285 767
360 742
197 731
430 714
167 683
164 670
55 666
349 653
13 647
280 641
252 629
290 628
135 623
309 616
372 616
410 613
222 606
423 606
34 602
59 597
306 594
255 593
347 593
424 589
183 582
357 575
2 567
22 566
176 565
388 563
16 561
40 556
124 556
73 555
1 551
160 551
136 550
77 548
346 546
12 544
99 544
121 541
169 541
26 537
137 537
256 534
312 533
116 529
234 529
254 529
368 529
344 528
363 526
46 525
68 525
192 525
330 525
75 522
367 522
18 519
265 519
15 518
23 517
286 517
80 515
223 515
249 515
282 513
208 512
188 511
279 511
67 510
396 510
6 509
110 508
130 508
162 508
53 507
199 507
377 506
422 505
239 504
276 504
383 502
117 499
61 498
173 497
289 496
185 495
157 493
125 491
230 491
201 490
182 488
320 488
88 487
394 487
274 484
411 484
184 483
10 482
362 482
152 481
216 481
390 481
102 480
268 480
308 480
71 479
81 477
293 477
149 474
287 474
262 473
391 473
431 473
214 470
271 470
420 470
177 469
109 468
325 467
181 461
251 461
69 459
376 457
7 456
17 456
341 454
86 453
243 453
165 450
324 450
219 448
103 445
327 445
0 444
340 444
195 443
294 443
143 442
161 442
129 440
408 440
19 438
133 438
342 437
253 436
322 429
48 428
370 428
36 427
353 427
158 426
84 425
180 425
45 424
332 424
387 422
338 421
417 421
141 420
284 420
313 420
50 418
337 418
356 418
4 417
28 417
412 415
331 414
339 414
227 413
202 412
51 411
207 411
336 411
57 410
318 410
63 409
139 409
403 408
196 407
288 407
237 406
154 405
200 405
334 405
260 403
236 399
304 399
79 398
343 398
414 398
415 398
32 397
269 397
272 397
85 396
384 396
5 395
389 395
231 394
209 393
56 391
259 391
323 390
203 389
126 382
298 382
54 380
263 380
335 379
14 378
65 377
242 377
119 375
21 373
131 373
258 373
326 373
395 373
189 371
100 370
374 369
364 365
118 364
24 361
407 351
42 349
432 344
101 343
138 343
29 340
187 340
379 338
96 337
310 337
87 335
354 334
413 333
120 332
93 330
380 330
295 318
305 317
400 316
225 314
115 307
211 306
399 305
89 304
329 303
25 297
8 289
49 289
245 288
352 285
153 281
146 278
406 275
397 274
127 273
11 271
123 271
38 268
241 265
114 222
328 162
