431 744
313 716
463 661
310 653
329 647
393 645
51 644
389 638
226 635
81 627
453 626
263 622
428 622
420 619
395 618
69 617
44 608
13 606
22 605
275 603
207 602
29 599
396 596
225 594
217 591
348 589
222 585
128 584
462 577
335 575
187 573
232 570
174 568
404 563
281 560
352 558
460 557
231 556
172 554
274 547
305 547
418 546
315 542
41 541
67 541
124 541
269 539
385 539
90 538
363 537
373 537
427 537
287 535
111 534
302 534
154 533
301 532
88 528
8 527
224 523
78 522
120 521
277 520
408 520
409 520
219 519
456 519
220 518
424 518
440 518
149 517
151 517
159 514
353 514
196 512
54 511
36 510
142 510
73 509
184 508
66 507
229 506
233 506
297 504
397 504
150 503
186 503
290 501
245 499
285 497
354 497
218 496
164 493
338 490
24 488
461 488
26 487
166 487
21 486
319 486
457 486
83 485
339 485
442 485
48 484
126 484
359 484
102 483
177 483
141 479
321 477
133 476
272 476
12 473
286 472
349 472
143 470
49 469
92 468
190 466
414 465
390 464
377 459
2 458
317 456
441 454
100 453
314 453
35 452
50 452
437 451
31 450
114 450
130 450
316 449
360 448
356 447
239 446
106 445
308 445
384 445
278 444
57 443
139 442
435 442
194 441
357 438
358 436
386 436
53 435
304 435
202 433
288 432
455 432
99 431
18 430
104 430
105 430
402 428
235 427
15 426
417 426
71 425
72 425
369 425
379 424
91 422
210 422
254 422
433 422
438 421
144 419
27 418
191 418
255 418
260 418
452 418
459 418
183 417
238 417
223 415
364 414
295 411
158 410
416 410
246 409
331 409
248 408
406 408
6 407
25 407
447 407
58 403
425 401
271 397
343 397
213 395
135 393
258 393
439 392
108 390
333 390
434 389
7 386
209 385
298 384
118 383
165 381
252 381
20 380
138 378
33 377
280 377
162 372
228 372
9 369
327 369
410 369
136 368
266 368
332 365
345 364
125 362
234 361
265 361
56 358
77 358
247 358
400 358
19 357
381 357
398 354
103 352
4 349
430 349
42 347
79 346
342 345
309 344
200 342
167 341
244 340
0 339
169 339
426 339
153 334
303 334
101 331
383 325
415 323
347 319
361 312
411 311
3 310
432 304
168 303
366 303
110 300
132 300
137 299
423 298
419 294
261 293
401 293
147 290
320 290
176 285
251 283
32 282
216 268
70 265
38 255
291 255
197 248
380 243
179 242
324 238
95 233
23 214
413 207
