137 90
128 20
130 93
118 8
162 85
97 2
157 87
168 22
176 94
98 63
144 83
156 65
151 72
127 44
100 40
115 87
101 11
114 1
125 37
143 79
173 76
106 97
172 5
175 2
96 35
160 44
105 35
159 72
120 77
152 92
171 4
155 84
95 57
110 70
113 92
124 79
174 54
135 18
99 39
122 50
161 46
103 96
154 11
166 44
148 99
149 17
132 5
134 4
163 97
116 86
158 40
147 82
102 38
109 81
142 60
126 21
138 65
164 95
167 25
119 95
107 22
141 36
139 44
133 24
117 99
170 38
131 23
140 67
121 81
129 98
146 6
104 93
165 52
136 27
