328 15
316 94
283 26
297 -1
339 95
337 98
288 29
299 44
285 84
265 90
269 8
330 87
319 77
331 93
278 74
307 -1
308 48
306 59
340 84
302 -1
333 62
261 23
322 25
290 83
338 5
276 22
279 1
300 1
325 8
321 57
260 9
301 98
332 91
298 6
286 49
305 30
336 46
323 19
262 72
258 59
294 71
273 71
314 32
327 56
296 42
329 48
270 -1
264 93
280 86
324 11
281 45
334 24
289 71
304 100
312 72
287 12
267 -1
284 28
311 42
335 56
303 46
295 2
277 47
271 21
268 6
292 41
309 38
310 81
266 80
272 15
315 -1
291 69
320 52
317 -1
318 3
282 67
259 39
263 50
326 46
