269 59
277 1
340 96
294 25
335 53
331 96
297 -1
314 17
258 36
265 53
264 32
323 70
284 66
288 92
339 19
263 42
291 88
311 7
289 59
275 73
315 -1
332 32
333 91
338 39
300 21
280 27
271 90
292 51
295 14
296 17
324 62
290 49
301 98
285 83
325 3
327 41
283 22
304 42
310 4
305 32
286 64
278 -1
312 54
293 40
281 -1
276 58
329 23
330 49
322 5
287 28
268 75
261 23
298 16
267 51
308 3
337 87
309 75
316 -1
326 50
334 52
282 42
302 34
319 86
303 78
262 39
272 35
299 90
320 91
266 -1
279 62
317 -1
336 85
313 36
306 7
318 84
273 58
259 34
