405 41
403 79
353 1
384 18
356 69
350 24
430 29
343 12
371 69
378 51
382 82
424 92
429 75
369 30
393 19
390 77
404 -1
388 57
431 9
398 10
347 69
414 30
370 98
367 47
349 81
392 36
419 -1
395 71
381 83
376 57
342 42
344 97
432 94
427 59
418 80
345 64
372 87
412 93
364 44
400 81
423 82
359 46
426 89
351 99
373 78
357 82
346 1
389 40
396 58
402 96
407 64
415 65
422 67
410 52
387 20
385 28
374 10
368 45
383 80
361 43
360 91
379 48
380 52
391 95
397 29
358 89
399 34
341 59
394 44
421 93
365 16
362 77
363 14
416 92
425 61
401 -1
420 88
355 46
408 63
417 20
413 29
377 49
