65 65
90 18
21 69
91 57
83 87
57 19
32 48
53 42
75 19
66 74
58 29
24 46
6 60
62 77
3 57
22 31
16 21
33 -1
72 100
11 49
49 40
71 44
48 71
10 93
87 1
78 59
81 53
55 23
41 74
14 19
82 69
12 60
26 98
89 37
23 72
69 80
30 60
56 6
42 47
64 67
68 48
61 13
17 85
1 52
52 2
50 19
29 5
36 81
27 26
80 73
76 15
79 7
8 1
2 73
44 -1
31 64
20 54
47 86
43 -1
84 39
38 21
73 64
35 9
51 37
67 56
85 18
34 93
13 63
0 8
45 44
40 55
18 9
5 10
93 24
39 -1
9 80
88 13
28 66
70 55
74 -1
54 64
59 34
94 95
15 2
86 6
77 59
60 37
4 36
