366 60
342 84
421 17
346 59
348 -1
404 89
363 76
400 59
399 30
412 14
349 72
394 51
420 56
380 5
344 32
383 61
353 93
408 44
371 23
374 7
345 44
413 56
390 87
418 46
355 69
395 84
356 23
373 21
359 32
372 61
341 25
379 19
414 21
387 14
403 76
369 75
357 30
378 23
402 -1
427 62
392 -1
367 84
347 19
423 88
384 81
352 25
430 68
405 48
375 67
401 90
350 92
388 48
360 57
391 60
428 -1
396 81
425 11
397 33
385 37
364 32
351 67
358 65
410 52
431 74
370 15
406 44
409 14
377 78
368 15
398 84
416 -1
422 81
432 49
381 35
365 8
386 97
419 20
415 2
417 43
426 90
411 96
393 47
429 40
