117 80
169 19
96 44
155 72
130 16
140 3
123 19
162 83
109 60
105 87
163 48
171 60
97 24
129 74
103 39
135 89
156 42
152 39
142 94
159 42
151 100
108 82
113 72
157 81
121 100
126 8
112 22
100 44
116 50
154 91
172 40
147 91
127 69
102 67
125 28
144 15
165 16
173 33
167 96
164 14
170 70
115 69
175 65
168 -1
131 16
99 90
160 81
134 72
149 79
111 19
161 1
104 97
158 7
128 32
133 72
107 45
124 82
148 81
141 78
118 3
101 19
119 71
139 77
174 -1
95 75
176 42
122 94
153 71
98 94
110 82
136 42
146 62
145 4
132 100
138 3
143 13
