148 53
157 17
140 19
156 82
152 98
154 75
113 9
120 57
139 88
175 -1
98 73
134 8
138 35
125 72
153 53
135 81
146 61
112 31
142 66
103 41
174 45
144 40
160 93
172 33
95 -1
119 11
118 97
149 57
111 26
126 12
115 9
137 93
168 99
176 35
141 67
117 49
170 93
164 100
147 27
102 23
165 13
162 96
171 100
173 3
122 34
167 82
159 17
151 72
101 89
105 84
136 24
166 46
106 34
158 2
163 76
110 95
107 38
129 59
169 99
128 96
121 30
150 68
96 27
155 73
116 39
133 29
104 14
145 44
127 23
123 61
130 86
108 -1
131 49
109 91
132 7
