193 41
244 78
191 78
257 90
196 64
252 44
185 57
218 43
215 -1
211 82
227 41
192 89
186 1
219 82
246 90
188 21
224 -1
208 89
253 55
237 47
230 63
182 44
207 79
190 38
198 74
199 23
234 66
228 46
210 -1
255 54
206 35
226 31
240 74
239 32
223 84
256 67
217 47
184 46
179 56
178 39
221 -1
205 90
212 60
220 66
241 89
249 40
183 51
216 48
225 23
238 2
231 43
243 73
251 51
236 37
247 6
209 2
214 32
245 27
195 25
229 99
235 87
222 4
189 49
200 52
194 54
254 94
213 75
202 86
201 98
233 22
232 25
203 36
248 -1
242 17
181 51
204 8
197 98
177 28
