267 97
274 34
318 47
270 18
268 95
306 63
326 16
322 6
278 100
333 95
317 72
325 79
312 21
339 55
269 88
259 49
302 40
313 3
283 -1
332 18
290 12
294 88
264 43
330 37
279 57
316 89
295 8
258 8
272 36
289 65
338 53
291 43
284 63
311 34
315 16
310 12
307 58
260 97
335 70
292 95
273 -1
265 13
277 -1
266 91
303 13
288 47
287 26
282 64
300 22
298 26
280 76
340 76
314 8
275 6
285 94
293 51
336 62
281 -1
308 90
276 75
320 85
263 90
321 33
319 89
286 54
296 28
304 49
305 11
261 66
328 22
299 82
324 52
301 93
334 43
323 76
309 80
