254 82
188 10
247 84
256 77
196 65
177 17
198 74
207 33
194 74
233 -1
203 67
253 34
179 6
238 26
248 -1
237 33
222 77
249 2
182 81
246 31
186 -1
226 -1
229 31
216 87
178 95
212 49
190 13
250 -1
227 18
215 51
228 16
235 7
201 88
231 73
195 15
236 68
255 88
214 99
217 2
187 6
202 33
211 67
193 27
189 42
244 57
234 52
206 74
251 43
199 76
230 95
192 41
223 36
184 24
243 78
232 31
210 45
239 20
224 23
221 4
205 66
252 56
183 61
242 44
225 14
257 55
219 35
220 -1
200 68
191 52
204 71
185 63
245 42
180 81
209 40
197 88
