367 78
404 50
383 13
380 84
371 36
385 56
393 -1
357 95
411 44
369 13
361 30
344 19
353 72
417 88
405 93
428 -1
401 93
400 83
379 20
343 99
406 86
418 7
430 81
413 3
397 21
410 98
388 54
415 74
351 43
363 99
396 24
384 52
412 12
387 99
349 80
350 21
348 54
392 8
347 71
408 92
362 97
377 89
354 66
416 1
345 17
414 87
409 22
356 46
375 22
374 23
429 92
360 84
425 97
386 67
427 -1
355 37
423 20
372 39
381 88
389 63
390 15
365 46
394 24
403 24
420 23
398 40
421 94
399 72
378 98
352 99
402 61
373 21
368 16
346 82
426 51
424 45
422 24
419 7
382 22
431 73
376 67
359 -1
432 28
391 16
395 42
366 16
342 57
358 -1
