364 45
352 20
415 4
412 49
361 66
376 7
345 37
401 99
410 95
366 91
429 74
350 -1
431 90
379 8
360 68
423 89
396 11
356 16
407 57
409 94
428 19
375 13
341 20
374 90
418 92
414 57
413 98
347 56
372 27
421 96
346 36
373 96
393 39
399 10
425 77
389 6
342 12
348 15
390 94
386 75
359 7
363 14
408 2
378 -1
397 18
369 93
365 89
419 34
388 78
402 44
427 91
343 33
384 45
370 70
404 23
411 62
377 36
383 97
400 2
382 10
355 16
391 68
387 64
420 77
358 26
417 42
424 84
416 11
353 65
351 81
381 -1
398 -1
426 35
357 93
403 30
422 34
344 43
395 52
349 93
362 42
392 79
368 74
371 19
385 50
432 65
430 78
367 5
405 89
394 29
