296 22
297 74
334 19
316 92
266 44
321 77
259 5
279 22
280 74
324 33
281 75
331 6
289 16
298 80
277 38
311 47
290 41
270 21
329 16
272 9
313 71
263 58
267 32
282 64
330 96
322 12
337 12
287 91
268 10
312 12
273 64
292 12
327 4
291 33
275 8
320 36
265 22
314 -1
303 42
295 49
271 55
323 45
299 41
309 61
300 64
305 34
333 95
335 43
340 12
269 38
306 21
332 16
288 79
294 26
308 5
283 89
325 95
318 5
310 84
339 37
274 71
264 20
319 54
326 65
302 47
317 28
285 86
260 11
307 65
293 87
336 41
286 90
261 95
301 -1
258 36
284 10
