229 70
190 70
225 58
239 72
213 92
252 78
179 87
240 70
202 55
224 48
217 26
241 32
210 7
243 1
201 83
231 60
183 36
236 13
193 23
250 17
209 13
234 24
186 63
221 39
248 38
220 20
253 88
215 59
257 75
177 91
178 100
195 54
212 60
188 34
207 33
254 24
233 55
251 83
235 56
187 13
192 42
211 55
181 58
232 -1
196 94
244 11
180 100
238 14
255 99
226 6
256 82
228 25
242 79
247 78
206 -1
197 85
214 58
223 57
191 90
185 8
222 70
246 90
208 33
199 40
219 33
249 28
189 21
205 -1
216 82
237 91
227 86
198 73
200 83
204 -1
182 98
