76 36
56 73
18 97
16 4
62 51
36 41
40 95
82 35
10 6
90 -1
27 88
1 87
13 93
87 19
30 -1
4 4
44 57
43 23
42 28
47 -1
17 84
78 33
74 55
72 1
94 95
38 72
48 12
88 37
45 50
68 35
65 55
60 90
9 100
46 20
5 3
25 1
50 50
64 33
73 74
20 87
57 37
26 9
69 68
53 74
39 15
21 2
66 10
28 46
0 11
41 82
11 72
29 21
7 36
52 -1
31 71
92 -1
93 96
51 53
22 89
70 27
2 32
19 28
84 22
80 48
67 72
15 12
55 96
81 38
24 48
14 61
85 29
37 81
59 80
71 76
3 93
32 37
77 75
34 96
83 11
91 11
6 72
49 67
33 40
79 68
86 30
54 34
75 73
