422 73
388 98
355 4
425 43
356 11
353 12
413 31
392 95
341 39
379 67
367 43
386 21
370 13
345 2
372 76
359 29
414 38
415 85
343 75
426 -1
376 39
412 3
400 2
385 57
361 47
360 78
348 48
342 17
420 57
421 74
358 16
389 13
387 87
374 17
423 66
351 6
431 21
406 38
430 91
368 56
401 37
411 85
375 33
419 15
371 76
365 39
402 25
382 -1
357 63
349 16
346 99
398 18
407 35
352 42
417 98
418 65
393 17
405 -1
410 21
383 12
404 96
399 100
364 79
391 7
378 22
409 100
344 20
429 23
395 7
366 100
354 22
428 4
384 66
377 93
363 55
362 22
347 28
394 39
427 80
397 8
373 39
350 79
424 86
390 12
380 77
396 98
416 20
