428 40
357 34
353 82
350 38
405 42
358 60
426 30
404 26
423 22
384 5
422 17
402 1
362 36
416 84
373 67
382 95
372 23
367 24
371 46
386 41
419 86
427 11
429 56
425 -1
421 13
379 45
411 30
432 24
360 99
344 100
361 82
407 17
409 40
431 63
391 66
424 29
430 76
369 76
393 19
343 41
347 68
398 15
346 67
392 45
400 47
351 34
355 86
414 37
359 62
387 13
341 76
342 55
408 53
418 90
375 32
374 8
356 63
390 7
415 15
363 49
385 84
403 30
383 40
380 59
396 16
370 2
381 20
365 -1
412 61
378 43
417 37
376 11
394 71
397 78
354 39
349 53
348 73
399 2
345 60
389 81
368 22
