411 98
369 11
352 47
396 39
404 63
423 32
395 10
381 12
348 89
349 94
379 63
345 86
351 11
424 66
391 29
413 68
386 95
388 98
418 -1
412 96
361 81
366 -1
355 -1
367 16
392 17
420 75
407 37
426 84
350 54
416 97
359 70
428 32
377 96
365 14
360 82
402 17
417 69
357 37
364 98
368 57
425 39
405 47
362 51
356 47
419 54
385 -1
383 86
422 85
374 23
342 15
403 74
343 5
401 3
354 6
380 46
431 1
371 89
382 80
370 45
375 3
344 48
372 96
415 51
346 68
373 77
387 15
429 33
376 64
410 87
358 32
384 6
427 49
409 69
347 61
378 5
398 84
430 87
432 10
