168 90
100 71
150 90
144 70
136 95
165 82
163 13
159 75
106 -1
129 47
96 38
110 18
98 59
149 56
131 44
157 55
137 35
155 70
112 62
151 -1
118 91
109 58
138 39
158 54
146 17
102 88
143 23
132 34
145 79
108 44
128 70
130 40
141 30
175 23
115 29
176 50
154 69
124 20
105 -1
95 -1
122 43
167 73
116 8
148 60
156 20
117 8
147 -1
142 9
161 75
127 80
173 88
134 28
153 5
174 37
166 -1
119 85
126 99
172 86
125 91
101 61
169 96
114 60
135 35
164 94
97 8
171 8
170 47
104 1
139 47
113 32
162 14
120 32
99 98
111 3
107 -1
