194 82
206 -1
197 47
187 90
184 78
209 33
177 48
236 56
223 68
243 98
207 10
202 41
195 43
183 18
198 28
205 93
188 73
190 25
247 97
212 75
221 29
185 36
253 61
238 91
179 53
227 5
231 25
246 98
199 35
219 86
222 73
216 97
257 -1
249 96
186 11
201 8
180 28
224 45
178 36
232 28
234 99
211 5
245 10
256 17
233 43
181 96
218 64
228 39
244 29
182 79
225 67
213 -1
214 1
235 37
240 96
220 68
239 38
226 85
252 97
254 68
204 34
237 43
210 76
203 35
248 86
189 38
192 32
215 72
229 67
217 45
230 38
191 98
208 99
241 35
193 83
