31 -1
21 37
68 84
79 95
70 99
54 56
0 79
83 14
14 28
41 99
11 19
1 1
37 -1
7 92
23 58
92 52
45 13
24 31
80 68
65 37
34 50
49 36
59 72
53 53
19 77
40 51
20 32
2 41
87 67
78 39
89 27
55 8
88 25
76 98
57 12
39 26
64 69
91 -1
4 28
50 54
22 8
18 52
42 3
8 98
52 31
16 64
3 -1
63 42
48 68
5 29
27 52
93 67
85 73
51 23
13 7
71 64
60 71
43 74
73 94
69 30
28 50
62 73
90 14
12 94
74 59
35 59
58 63
75 82
25 48
17 2
9 1
30 78
94 85
66 60
82 16
32 38
36 4
46 5
84 88
29 85
86 55
6 82
72 36
81 19
10 86
33 54
15 57
