86 35
52 56
24 61
53 63
67 30
33 -1
2 58
13 42
64 89
23 79
82 50
10 49
51 59
14 65
4 68
49 6
88 76
22 92
55 99
42 51
27 -1
11 3
63 59
70 67
15 39
25 66
8 12
6 87
0 71
5 67
38 20
35 60
81 72
59 66
21 48
30 9
60 63
45 42
57 80
75 82
77 13
40 80
34 76
43 32
72 56
19 45
28 53
93 4
47 81
32 95
46 73
36 35
73 74
48 39
20 7
94 72
29 15
65 84
61 13
66 32
16 70
18 49
41 -1
26 65
17 63
54 61
56 80
58 -1
91 8
87 36
31 56
7 4
83 63
44 81
50 80
74 93
3 27
39 79
69 95
1 29
79 11
89 45
68 25
92 66
84 32
62 88
71 4
