418 49
430 85
431 26
393 75
429 48
375 88
343 96
381 42
432 24
344 35
427 49
378 24
365 48
403 7
398 34
347 83
371 -1
374 60
395 95
352 7
404 21
360 85
354 94
364 31
423 93
415 3
363 70
417 11
408 71
385 69
380 5
348 65
368 83
384 90
362 20
391 24
416 22
376 99
356 36
369 59
345 -1
394 75
386 -1
424 31
357 93
389 47
358 98
401 73
367 67
350 19
372 79
421 15
379 14
351 58
390 95
412 41
377 23
373 15
419 93
399 29
342 38
413 7
349 75
428 75
392 1
410 85
422 47
387 42
425 -1
359 2
407 60
396 100
382 18
414 8
355 75
341 80
405 63
426 30
361 -1
402 96
370 100
409 -1
406 31
