82 19
31 79
43 84
55 66
4 94
90 86
27 49
5 81
45 38
64 100
44 74
53 95
29 86
7 49
25 73
88 85
61 55
11 43
58 65
67 94
94 9
57 15
3 10
62 90
77 74
72 71
70 50
19 61
22 80
15 73
39 47
80 58
54 15
85 4
14 88
93 42
20 61
79 32
9 76
73 21
63 87
33 62
60 6
28 33
16 40
66 89
12 83
26 93
84 23
68 89
59 91
65 79
81 97
41 -1
49 9
74 46
13 79
86 90
23 20
48 49
71 39
21 19
34 33
52 85
69 94
37 27
1 63
18 46
83 85
47 88
89 62
8 32
78 32
56 100
87 42
76 44
75 59
17 47
40 25
50 32
0 64
46 36
32 16
35 43
91 90
10 2
92 32
