378 100
414 63
354 30
359 66
388 55
343 16
377 42
430 74
347 76
432 50
379 26
422 4
351 67
429 -1
345 85
361 49
363 61
398 95
420 8
416 38
365 21
390 94
389 45
381 7
352 12
362 52
342 17
353 76
428 58
412 42
403 57
382 72
374 38
406 31
370 85
376 49
397 27
372 31
371 56
424 88
427 21
348 28
395 12
409 40
419 89
400 42
410 54
383 53
426 71
391 99
399 7
350 19
418 29
341 59
373 13
393 23
415 84
344 64
358 76
431 85
356 64
346 67
404 70
421 71
386 55
366 -1
401 87
368 71
369 65
360 91
423 34
394 77
384 10
417 6
408 91
385 66
402 -1
407 81
367 83
355 29
413 28
349 54
387 63
396 41
364 33
392 78
405 27
