39 31
12 9
90 26
11 16
0 23
66 27
52 80
43 3
86 23
78 74
60 63
54 35
71 22
74 84
9 -1
2 77
13 77
19 39
58 77
64 49
32 42
84 52
1 84
47 38
81 88
77 45
61 59
80 59
23 82
29 26
76 50
36 87
34 9
56 33
7 53
8 18
28 27
79 55
6 23
50 33
49 23
65 11
93 34
16 64
92 92
51 20
42 86
72 -1
14 13
73 39
70 32
63 6
45 22
3 88
88 61
40 70
69 47
87 27
35 27
75 42
89 20
27 75
83 -1
22 75
62 51
85 84
24 81
55 88
68 31
59 52
48 50
20 -1
82 87
10 55
53 86
67 64
18 54
25 22
41 86
46 62
44 97
5 54
94 2
15 92
21 61
57 59
