324 51
327 85
308 95
262 78
340 63
273 56
319 69
306 38
287 56
290 77
297 66
311 30
258 72
285 84
317 99
281 36
314 16
274 92
283 92
299 84
335 24
271 80
302 69
328 26
304 76
275 80
338 41
266 65
282 81
331 48
339 27
307 12
295 73
265 66
260 15
329 39
289 2
261 38
280 91
259 95
277 92
301 5
286 34
303 1
267 68
321 82
298 32
310 75
272 39
276 23
270 55
268 35
330 65
325 43
332 99
291 95
334 25
264 9
320 66
313 96
312 54
333 69
309 92
294 67
336 29
305 18
263 44
293 53
322 63
318 17
279 13
323 21
