288 40
310 20
262 51
329 53
305 85
287 55
335 10
284 97
265 2
264 33
308 90
313 39
259 64
295 36
294 50
307 80
309 20
291 -1
279 96
311 -1
298 47
320 82
283 65
270 21
330 97
269 100
326 99
292 79
274 67
273 29
332 20
303 39
285 78
315 70
339 36
333 100
317 94
258 7
336 12
314 30
271 52
289 67
263 21
300 15
334 87
282 25
267 25
293 18
276 93
306 40
268 40
277 75
280 55
297 -1
324 37
266 85
340 2
325 15
286 49
275 12
290 91
337 21
338 91
261 69
319 1
260 57
316 99
322 62
331 99
304 59
299 16
272 50
278 46
321 98
281 3
301 13
328 44
312 47
302 -1
296 -1
