84 33
32 55
1 99
76 91
57 44
78 71
73 23
10 59
43 94
41 25
21 28
11 64
12 85
68 77
33 11
90 64
71 25
64 -1
80 9
37 51
35 96
16 46
93 43
65 18
48 82
19 67
83 -1
45 47
53 5
6 9
4 66
87 67
47 20
74 19
52 97
79 3
44 28
75 68
30 29
59 33
51 1
18 94
92 27
58 13
67 55
27 84
31 97
34 65
61 85
29 40
24 3
77 80
89 44
49 38
2 36
70 -1
69 13
13 54
23 84
91 77
9 51
60 -1
72 47
86 53
0 89
20 78
38 5
46 80
82 -1
88 23
62 -1
14 48
7 50
3 90
54 35
55 95
26 31
85 41
56 61
22 33
25 15
40 37
17 30
36 21
39 15
50 96
