338 7
267 2
303 50
283 99
299 -1
318 72
279 78
284 94
286 91
272 38
317 33
331 14
269 30
265 16
278 44
314 67
268 61
334 7
332 60
302 67
312 77
258 50
261 1
277 75
288 68
280 99
293 85
276 68
335 83
320 17
292 -1
275 3
313 69
285 85
325 32
330 12
328 11
289 45
306 94
307 81
301 91
260 42
304 27
333 2
264 91
291 44
294 4
323 25
319 54
322 7
298 64
270 45
321 94
329 13
259 66
315 24
290 85
340 8
309 75
339 28
336 28
310 36
311 15
262 77
287 70
297 8
324 11
316 28
300 14
281 44
327 93
273 46
266 21
274 20
271 46
305 34
337 54
296 40
282 81
