32 32
97 12 56 51 15 45 44 60 36 73 95 69 33 38 83 68 35 53 11 36 14 31 95 58 15 68 83 88 95 41 50 58 
22 49 35 46 0 67 9 35 27 30 92 97 33 48 62 71 68 83 35 89 11 65 49 84 46 75 15 22 45 56 23 38 
93 95 62 82 3 42 54 75 57 92 99 48 46 74 27 90 94 37 71 22 50 39 67 60 17 83 48 32 67 74 92 34 
72 84 84 74 69 62 65 92 50 81 80 18 76 34 8 64 25 44 59 39 84 63 51 5 47 22 58 16 49 51 87 45 
49 37 71 79 20 19 24 56 91 63 87 10 33 18 4 22 30 46 26 85 72 44 68 36 88 98 7 15 64 40 9 64 
44 55 41 28 91 1 20 25 95 60 92 5 75 77 14 15 12 36 85 8 54 53 61 25 85 41 42 12 87 91 93 38 
3 56 35 26 59 33 12 83 2 3 50 87 5 27 11 56 95 91 72 68 83 96 71 31 73 90 62 27 47 21 49 40 
68 6 45 49 14 33 30 3 17 8 74 47 72 19 3 45 4 33 71 95 85 12 46 75 56 37 24 26 78 83 83 97 
11 19 87 84 27 90 68 16 3 74 28 53 99 3 2 5 22 68 90 64 71 1 2 0 94 86 68 42 94 87 76 66 
94 93 25 24 42 57 63 80 52 47 28 78 22 26 56 53 29 87 20 85 90 67 22 7 44 92 85 58 23 50 12 55 
11 74 46 36 84 48 19 72 52 90 78 38 57 36 80 60 98 57 43 14 8 42 0 20 93 93 93 20 67 53 75 67 
18 92 55 93 56 85 76 94 20 83 1 20 33 45 63 59 64 68 89 13 64 62 58 54 18 77 54 56 8 7 53 58 
61 22 44 42 6 15 46 10 31 50 74 21 17 98 61 2 23 19 11 15 15 23 93 81 94 10 89 99 42 55 73 82 
86 60 61 76 91 85 72 36 58 72 93 76 94 5 70 0 67 30 49 62 55 26 68 66 57 9 6 21 71 75 28 40 
64 14 2 87 50 45 75 79 68 35 74 30 91 43 50 21 49 1 58 6 30 65 21 61 71 42 29 37 13 10 87 67 
64 40 86 46 31 74 71 71 53 84 53 99 12 52 36 26 16 12 20 71 60 37 54 77 29 57 38 68 63 32 79 81 
45 46 19 98 26 48 20 5 73 75 85 10 9 9 97 63 77 63 65 84 75 3 77 83 50 19 64 9 26 17 79 62 
31 88 23 26 76 47 46 25 9 13 12 59 11 84 73 7 3 66 10 85 21 21 32 71 82 6 60 29 53 37 26 79 
6 70 79 23 60 79 44 70 76 52 64 88 57 51 72 55 26 17 27 87 22 21 0 23 70 16 30 72 40 96 99 24 
19 13 14 88 43 20 47 33 46 62 54 42 31 12 74 62 6 29 71 10 72 25 0 14 17 91 34 21 27 98 43 16 
73 19 50 26 28 78 59 69 56 61 17 44 30 41 27 41 64 28 24 45 89 91 18 6 23 61 16 0 99 79 10 60 
40 73 53 52 99 93 16 51 1 87 75 20 60 69 82 28 83 24 12 61 93 42 76 56 49 65 71 74 55 7 20 55 
17 76 16 87 20 37 94 14 73 87 70 38 76 0 28 82 75 39 20 65 50 66 3 7 18 62 89 51 99 51 28 58 
95 10 47 59 96 15 4 15 61 60 27 43 7 65 57 55 45 51 52 74 42 50 27 64 78 94 68 74 88 41 96 80 
26 73 78 71 46 29 28 70 75 24 62 50 63 66 97 89 28 14 63 75 92 80 16 18 78 48 69 32 17 79 18 26 
27 47 25 64 98 17 84 14 62 6 75 17 95 66 11 13 52 66 63 33 37 43 37 22 21 64 99 85 30 59 27 88 
41 94 55 89 97 77 57 79 23 22 18 41 4 29 1 86 74 30 82 52 88 55 64 15 43 62 92 68 80 47 59 53 
4 93 93 71 26 47 7 19 24 64 66 60 65 84 37 22 13 73 1 75 37 0 71 30 8 78 62 21 66 69 53 93 
49 72 47 41 49 89 93 75 60 76 44 22 98 93 60 21 49 17 24 87 56 59 71 55 73 64 46 97 32 55 83 46 
70 7 13 4 11 37 81 18 20 86 0 79 3 49 46 48 22 93 39 47 58 14 80 5 57 20 68 84 67 32 63 29 
90 90 39 40 63 22 33 70 18 71 66 90 93 44 75 87 69 53 54 56 70 78 13 49 8 63 68 13 2 55 6 93 
58 29 92 68 37 4 90 47 0 17 94 23 87 7 62 45 21 29 96 53 28 64 96 14 67 91 10 89 49 54 96 8 
20 80 30 
49 77 15 
56 22 74 
